WIDTH = 2560
HEIGHT = 1464
FULLSCREEN = 0
SCALE = 1.000000
MUSIC_VOLUME = 0.400000
SOUND_VOLUME = 0.400000
USER = michel

